{
    "cells": [
        {
            "cell_type": "code",
            "execution_count": 1,
            "metadata": {},
            "outputs": [],
            "source": [
                "import numpy as np\n",
                "import matplotlib.pyplot as plt\n",
                "import json_tricks"
            ]
        },
        {
            "cell_type": "code",
            "execution_count": 2,
            "metadata": {},
            "outputs": [],
            "source": [
                "inputs = json_tricks.load('inputs/inputs.json')"
            ]
        },
        {
            "cell_type": "markdown",
            "metadata": {},
            "source": [
                "# Task\n",
                "\n",
                "In the input file, you are given the tables of statistical weights $M(\\xi=x, \\eta=y)$ of random values together with actual possible values of the random values.\n",
                "\n",
                "Your task is to:\n",
                "\n",
                "0) Find distribution $p(\\xi=x, \\eta=y)$\n",
                "1) Find distribution $p(\\xi = x)$\n",
                "2) Find distribution $p(\\eta = y)$\n",
                "3) Check if $\\xi$ and $\\eta$ are independent (definition of independency is required)\n",
                "4) Find marginal distribution $p(\\xi=x|\\eta=y)$\n",
                "5) Find marginal distribution $p(\\eta=y|\\xi=x)$ (this one can be done using Bayes theorem)\n",
                "6) Find $\\mathbb E \\xi$\n",
                "7) Find $\\mathbb E \\eta$\n",
                "8) Find $\\mathbb E (\\xi + \\eta)$\n",
                "8) Find $\\mathbb E (\\xi \\eta)$\n",
                "9) Find $\\mathbb E \\exp(\\xi + \\eta)$\n",
                "10) Find $\\mathbb V \\xi$\n",
                "11) Find $\\mathbb V \\eta$\n",
                "11) Find $\\mathbb V (\\eta + \\xi)$\n",
                "12) Find $\\sigma_{\\xi}$\n",
                "13) Find $\\sigma_{\\eta}$\n",
                "12) Find $\\mathrm{cov} (\\xi, \\eta)$\n",
                "\n",
                "If you need to return a numpy array, consider it to be aligned with input $M$ array, meaning \n",
                "that if `M[i, j]` is the measure of event of $\\xi = x_i, \\eta = y_j$, then the corresponding\n",
                "`p[i, j]` is the probability of the corresponding event, `p_x[i]` is the probability of $\\xi = x_i$\n",
                "and `p_x[j]` is the probability of $\\eta = y_j$."
            ]
        },
        {
            "cell_type": "code",
            "execution_count": 6,
            "metadata": {},
            "outputs": [],
            "source": [
                "def task(measure, xvals, yvals):\n",
                "\n",
                "    p = measure / measure.sum()\n",
                "    p_x = p.sum(axis=1)\n",
                "    p_y = p.sum(axis=0)\n",
                "    independency = np.abs((p_x.reshape([-1, 1]) * p_y.reshape([1, -1]) - p)).mean() < 1.0e-4\n",
                "    p_x_giv_y = p / p.sum(axis=1, keepdims=True)\n",
                "    p_y_giv_x = p / p.sum(axis=0, keepdims=True)\n",
                "    Ex = (p_x * xvals).sum()\n",
                "    Ey = (p_y * yvals).sum()\n",
                "    Ex_plus_y = Ex + Ey\n",
                "    Ex_times_y = (xvals.reshape([-1, 1]) * yvals.reshape([1, -1]) * p).sum()\n",
                "    Eexp = (np.exp(xvals.reshape([-1, 1]) + yvals.reshape([1, -1])) * p).sum()\n",
                "    Vx = ((xvals - Ex) ** 2 * p_x).sum()\n",
                "    Vy = ((yvals - Ey) ** 2 * p_y).sum()\n",
                "    Vx_plus_y = (((xvals.reshape([-1, 1]) + yvals.reshape([1, -1])) - Ex_plus_y) ** 2 * p).sum()\n",
                "    sigmax = np.sqrt(Vx)\n",
                "    sigmay = np.sqrt(Vy)\n",
                "    covxy = ((xvals.reshape([-1, 1]) - Ex) * (yvals.reshape([1, -1]) - Ey) * p).sum()\n",
                "    linear_independency = np.abs(covxy) < 1.0e-4\n",
                "\n",
                "\n",
                "\n",
                "    return{\n",
                "        'p': p,\n",
                "        'p_x': p_x,\n",
                "        'p_y': p_y,\n",
                "        'independency': independency,\n",
                "        'p_x_giv_y': p_x_giv_y,\n",
                "        'p_y_giv_x': p_y_giv_x,\n",
                "        'Ex': Ex,\n",
                "        'Ey': Ey,\n",
                "        'Ex_plus_y': Ex_plus_y,\n",
                "        'Ex_times_y': Ex_times_y,\n",
                "        'Eexp': Eexp,\n",
                "        'Vx': Vx,\n",
                "        'Vy': Vy,\n",
                "        'Vx_plus_y': Vx_plus_y,\n",
                "        'sigmax': sigmax,\n",
                "        'sigmay': sigmay,\n",
                "        'covxy': covxy,\n",
                "        'linear_independency': linear_independency\n",
                "    }"
            ]
        },
        {
            "cell_type": "code",
            "execution_count": 7,
            "metadata": {},
            "outputs": [
                {
                    "name": "stderr",
                    "output_type": "stream",
                    "text": [
                        "/usr/local/lib/python3.11/site-packages/json_tricks/encoders.py:419: UserWarning: json-tricks: numpy scalar serialization is experimental and may work differently in future versions\n",
                        "  warnings.warn('json-tricks: numpy scalar serialization is experimental and may work differently in future versions')\n"
                    ]
                },
                {
                    "data": {
                        "text/plain": [
                            "'[{\"p\": {\"__ndarray__\": [[0.027777777777777776, 0.027777777777777776, 0.027777777777777776, 0.027777777777777776, 0.027777777777777776, 0.027777777777777776], [0.027777777777777776, 0.027777777777777776, 0.027777777777777776, 0.027777777777777776, 0.027777777777777776, 0.027777777777777776], [0.027777777777777776, 0.027777777777777776, 0.027777777777777776, 0.027777777777777776, 0.027777777777777776, 0.027777777777777776], [0.027777777777777776, 0.027777777777777776, 0.027777777777777776, 0.027777777777777776, 0.027777777777777776, 0.027777777777777776], [0.027777777777777776, 0.027777777777777776, 0.027777777777777776, 0.027777777777777776, 0.027777777777777776, 0.027777777777777776], [0.027777777777777776, 0.027777777777777776, 0.027777777777777776, 0.027777777777777776, 0.027777777777777776, 0.027777777777777776]], \"dtype\": \"float64\", \"shape\": [6, 6], \"Corder\": true}, \"p_x\": {\"__ndarray__\": [0.16666666666666669, 0.16666666666666669, 0.16666666666666669, 0.16666666666666669, 0.16666666666666669, 0.16666666666666669], \"dtype\": \"float64\", \"shape\": [6]}, \"p_y\": {\"__ndarray__\": [0.16666666666666669, 0.16666666666666669, 0.16666666666666669, 0.16666666666666669, 0.16666666666666669, 0.16666666666666669], \"dtype\": \"float64\", \"shape\": [6]}, \"independency\": true, \"p_x_giv_y\": {\"__ndarray__\": [[0.16666666666666663, 0.16666666666666663, 0.16666666666666663, 0.16666666666666663, 0.16666666666666663, 0.16666666666666663], [0.16666666666666663, 0.16666666666666663, 0.16666666666666663, 0.16666666666666663, 0.16666666666666663, 0.16666666666666663], [0.16666666666666663, 0.16666666666666663, 0.16666666666666663, 0.16666666666666663, 0.16666666666666663, 0.16666666666666663], [0.16666666666666663, 0.16666666666666663, 0.16666666666666663, 0.16666666666666663, 0.16666666666666663, 0.16666666666666663], [0.16666666666666663, 0.16666666666666663, 0.16666666666666663, 0.16666666666666663, 0.16666666666666663, 0.16666666666666663], [0.16666666666666663, 0.16666666666666663, 0.16666666666666663, 0.16666666666666663, 0.16666666666666663, 0.16666666666666663]], \"dtype\": \"float64\", \"shape\": [6, 6], \"Corder\": true}, \"p_y_giv_x\": {\"__ndarray__\": [[0.16666666666666663, 0.16666666666666663, 0.16666666666666663, 0.16666666666666663, 0.16666666666666663, 0.16666666666666663], [0.16666666666666663, 0.16666666666666663, 0.16666666666666663, 0.16666666666666663, 0.16666666666666663, 0.16666666666666663], [0.16666666666666663, 0.16666666666666663, 0.16666666666666663, 0.16666666666666663, 0.16666666666666663, 0.16666666666666663], [0.16666666666666663, 0.16666666666666663, 0.16666666666666663, 0.16666666666666663, 0.16666666666666663, 0.16666666666666663], [0.16666666666666663, 0.16666666666666663, 0.16666666666666663, 0.16666666666666663, 0.16666666666666663, 0.16666666666666663], [0.16666666666666663, 0.16666666666666663, 0.16666666666666663, 0.16666666666666663, 0.16666666666666663, 0.16666666666666663]], \"dtype\": \"float64\", \"shape\": [6, 6], \"Corder\": true}, \"Ex\": 3.5, \"Ey\": 3.5, \"Ex_plus_y\": 7.0, \"Ex_times_y\": 12.25, \"Eexp\": 11258.376333717204, \"Vx\": 2.916666666666667, \"Vy\": 2.916666666666667, \"Vx_plus_y\": 5.833333333333334, \"sigmax\": 1.7078251276599332, \"sigmay\": 1.7078251276599332, \"covxy\": 2.7755575615628914e-17, \"linear_independency\": true}, {\"p\": {\"__ndarray__\": [[0.0, 0.03125, 0.03125, 0.03125, 0.03125, 0.0], [0.03125, 0.03125, 0.03125, 0.03125, 0.03125, 0.03125], [0.03125, 0.03125, 0.03125, 0.03125, 0.03125, 0.03125], [0.03125, 0.03125, 0.03125, 0.03125, 0.03125, 0.03125], [0.03125, 0.03125, 0.03125, 0.03125, 0.03125, 0.03125], [0.0, 0.03125, 0.03125, 0.03125, 0.03125, 0.0]], \"dtype\": \"float64\", \"shape\": [6, 6], \"Corder\": true}, \"p_x\": {\"__ndarray__\": [0.125, 0.1875, 0.1875, 0.1875, 0.1875, 0.125], \"dtype\": \"float64\", \"shape\": [6]}, \"p_y\": {\"__ndarray__\": [0.125, 0.1875, 0.1875, 0.1875, 0.1875, 0.125], \"dtype\": \"float64\", \"shape\": [6]}, \"independency\": false, \"p_x_giv_y\": {\"__ndarray__\": [[0.0, 0.25, 0.25, 0.25, 0.25, 0.0], [0.16666666666666666, 0.16666666666666666, 0.16666666666666666, 0.16666666666666666, 0.16666666666666666, 0.16666666666666666], [0.16666666666666666, 0.16666666666666666, 0.16666666666666666, 0.16666666666666666, 0.16666666666666666, 0.16666666666666666], [0.16666666666666666, 0.16666666666666666, 0.16666666666666666, 0.16666666666666666, 0.16666666666666666, 0.16666666666666666], [0.16666666666666666, 0.16666666666666666, 0.16666666666666666, 0.16666666666666666, 0.16666666666666666, 0.16666666666666666], [0.0, 0.25, 0.25, 0.25, 0.25, 0.0]], \"dtype\": \"float64\", \"shape\": [6, 6], \"Corder\": true}, \"p_y_giv_x\": {\"__ndarray__\": [[0.0, 0.16666666666666666, 0.16666666666666666, 0.16666666666666666, 0.16666666666666666, 0.0], [0.25, 0.16666666666666666, 0.16666666666666666, 0.16666666666666666, 0.16666666666666666, 0.25], [0.25, 0.16666666666666666, 0.16666666666666666, 0.16666666666666666, 0.16666666666666666, 0.25], [0.25, 0.16666666666666666, 0.16666666666666666, 0.16666666666666666, 0.16666666666666666, 0.25], [0.25, 0.16666666666666666, 0.16666666666666666, 0.16666666666666666, 0.16666666666666666, 0.25], [0.0, 0.16666666666666666, 0.16666666666666666, 0.16666666666666666, 0.16666666666666666, 0.0]], \"dtype\": \"float64\", \"shape\": [6, 6], \"Corder\": true}, \"Ex\": 3.5, \"Ey\": 3.5, \"Ex_plus_y\": 7.0, \"Ex_times_y\": 12.25, \"Eexp\": 7510.815663183112, \"Vx\": 2.5, \"Vy\": 2.5, \"Vx_plus_y\": 5.0, \"sigmax\": 1.5811388300841898, \"sigmay\": 1.5811388300841898, \"covxy\": 0.0, \"linear_independency\": true}, {\"p\": {\"__ndarray__\": [[0.04405330062361114, 0.12454663407741691, 0.04530645913116114, 0.03892194414248014], [0.012635079613011772, 0.035721651154950664, 0.012994502341535565, 0.011163337501886401], [0.011055769171667878, 0.03125665541460248, 0.011370266178676676, 0.009767986145428063], [0.040037170288224705, 0.11319230856246335, 0.041176084282288195, 0.035373615223419516], [0.023014710532615463, 0.0650667416635527, 0.023669396558281604, 0.020333942408975843], [0.020807516042917987, 0.05882660436272339, 0.021399415296346234, 0.018383843337544375], [0.022638395816044043, 0.0640028320213851, 0.023282377036805395, 0.020001461069983142]], \"dtype\": \"float64\", \"shape\": [7, 4], \"Corder\": true}, \"p_x\": {\"__ndarray__\": [0.2528283379746693, 0.0725145706113844, 0.06345067691037509, 0.22977917835639577, 0.1320847911634256, 0.11941737903953199, 0.12992506594421768], \"dtype\": \"float64\", \"shape\": [7]}, \"p_y\": {\"__ndarray__\": [0.17424194208809302, 0.49261342725709467, 0.17919850082509478, 0.1539461298297175], \"dtype\": \"float64\", \"shape\": [4]}, \"independency\": true, \"p_x_giv_y\": {\"__ndarray__\": [[0.17424194208809302, 0.49261342725709467, 0.17919850082509486, 0.1539461298297175], [0.17424194208809302, 0.49261342725709467, 0.17919850082509484, 0.1539461298297175], [0.17424194208809302, 0.49261342725709467, 0.17919850082509484, 0.1539461298297175], [0.174241942088093, 0.4926134272570946, 0.1791985008250948, 0.1539461298297175], [0.174241942088093, 0.4926134272570946, 0.17919850082509484, 0.1539461298297175], [0.17424194208809302, 0.4926134272570946, 0.1791985008250948, 0.15394612982971748], [0.17424194208809302, 0.4926134272570946, 0.17919850082509486, 0.1539461298297175]], \"dtype\": \"float64\", \"shape\": [7, 4], \"Corder\": true}, \"p_y_giv_x\": {\"__ndarray__\": [[0.2528283379746693, 0.2528283379746693, 0.2528283379746694, 0.2528283379746693], [0.0725145706113844, 0.0725145706113844, 0.07251457061138443, 0.0725145706113844], [0.06345067691037509, 0.06345067691037509, 0.0634506769103751, 0.06345067691037509], [0.22977917835639575, 0.22977917835639575, 0.2297791783563958, 0.22977917835639577], [0.13208479116342559, 0.13208479116342559, 0.13208479116342564, 0.1320847911634256], [0.11941737903953199, 0.11941737903953198, 0.11941737903953202, 0.11941737903953198], [0.12992506594421768, 0.12992506594421765, 0.12992506594421774, 0.12992506594421768]], \"dtype\": \"float64\", \"shape\": [7, 4], \"Corder\": true}, \"Ex\": -0.9051613159703744, \"Ey\": 0.5827268111499333, \"Ex_plus_y\": -0.3224345048204411, \"Ex_times_y\": -0.5274617672316934, \"Eexp\": 1.8410431804598972, \"Vx\": 0.6281460133603979, \"Vy\": 0.9220228368506075, \"Vx_plus_y\": 1.5501688502110051, \"sigmax\": 0.7925566310115624, \"sigmay\": 0.9602202022716495, \"covxy\": 6.938893903907228e-18, \"linear_independency\": true}, {\"p\": {\"__ndarray__\": [[0.02637237152915189, 0.04162611361467561, 0.012786684845999189, 0.0279235486728434], [0.04488226774330862, 0.007106781816000437, 0.02344605456264604, 0.0002428686443954458], [0.010080989259662686, 0.01710618631275796, 0.05558346905248907, 0.04797707786050688], [0.12206619539913112, 0.05244299603438341, 0.009605954048380053, 0.03874049240164084], [0.04433453206833191, 0.06956260793993017, 0.0339928096111292, 0.023643449907379373], [0.05916679269532107, 0.03868909800315801, 0.04967122727649385, 0.0059061819200150285], [0.025575777006764243, 0.03900355190840903, 0.03929281665748383, 0.03317110320761167]], \"dtype\": \"float64\", \"shape\": [7, 4], \"Corder\": true}, \"p_x\": {\"__ndarray__\": [0.1087087186626701, 0.07567797276635053, 0.1307477224854166, 0.22285563788353543, 0.17153339952677066, 0.15343329989498794, 0.1370432487802688], \"dtype\": \"float64\", \"shape\": [7]}, \"p_y\": {\"__ndarray__\": [0.33247892570167153, 0.26553733562931464, 0.22437901605462124, 0.17760472261439264], \"dtype\": \"float64\", \"shape\": [4]}, \"independency\": false, \"p_x_giv_y\": {\"__ndarray__\": [[0.24259665511270534, 0.3829142144876532, 0.11762336087942556, 0.2568657695202158], [0.593069107200835, 0.09390819489763602, 0.3098134596579878, 0.0032092382435412563], [0.07710259932663151, 0.1308335318396537, 0.4251199791161851, 0.3669438897175296], [0.547736626985955, 0.23532272520648623, 0.04310393104526319, 0.1738367167622955], [0.25846005612109824, 0.405533896791183, 0.19817020886258396, 0.1378358382251348], [0.3856189805981864, 0.2521558099163442, 0.3237317277963101, 0.03849348168915945], [0.18662558888815972, 0.28460761296564274, 0.2867183681589803, 0.24204842998721712]], \"dtype\": \"float64\", \"shape\": [7, 4], \"Corder\": true}, \"p_y_giv_x\": {\"__ndarray__\": [[0.07932043053103291, 0.15676181097480363, 0.05698699045407387, 0.15722300770948386], [0.1349928199165947, 0.026763776171654357, 0.10449308039098673, 0.0013674672656241876], [0.030320686456705558, 0.0644210211427213, 0.24772133343769645, 0.27013402095547057], [0.36713964694610246, 0.1974976359166038, 0.04281128519630217, 0.2181276028664646], [0.13334539016199973, 0.2619692171538481, 0.15149727549769731, 0.13312399332259292], [0.17795652031314177, 0.1457011606728151, 0.2213719809895335, 0.03325464454477522], [0.07692450567442284, 0.14688537796755366, 0.17511805403370995, 0.18676926333558863]], \"dtype\": \"float64\", \"shape\": [7, 4], \"Corder\": true}, \"Ex\": 0.04638937696276273, \"Ey\": -0.194747195072862, \"Ex_plus_y\": -0.1483578181100993, \"Ex_times_y\": -0.06217084379398379, \"Eexp\": 1.6183935986159332, \"Vx\": 0.8207890057676454, \"Vy\": 0.6263888611744112, \"Vx_plus_y\": 1.3409045814434402, \"sigmax\": 0.9059740646219655, \"sigmay\": 0.7914473205301861, \"covxy\": -0.0531366427493081, \"linear_independency\": false}, {\"p\": {\"__ndarray__\": [[0.042259343895386596], [0.5205574605339531], [0.4371831955706601]], \"dtype\": \"float64\", \"shape\": [3, 1], \"Corder\": true}, \"p_x\": {\"__ndarray__\": [0.042259343895386596, 0.5205574605339531, 0.4371831955706601], \"dtype\": \"float64\", \"shape\": [3]}, \"p_y\": {\"__ndarray__\": [0.9999999999999998], \"dtype\": \"float64\", \"shape\": [1]}, \"independency\": true, \"p_x_giv_y\": {\"__ndarray__\": [[1.0], [1.0], [1.0]], \"dtype\": \"float64\", \"shape\": [3, 1], \"Corder\": true}, \"p_y_giv_x\": {\"__ndarray__\": [[0.0422593438953866], [0.5205574605339532], [0.4371831955706602]], \"dtype\": \"float64\", \"shape\": [3, 1], \"Corder\": true}, \"Ex\": -0.8274385236143764, \"Ey\": -0.059817263661669146, \"Ex_plus_y\": -0.8872557872760456, \"Ex_times_y\": 0.049495108330863416, \"Eexp\": 0.4897774209793475, \"Vx\": 0.34688147632251054, \"Vy\": 1.9259299443872354e-34, \"Vx_plus_y\": 0.34688147632251054, \"sigmax\": 0.5889664475354351, \"sigmay\": 1.3877787807814455e-17, \"covxy\": 1.5407439555097887e-33, \"linear_independency\": true}, {\"p\": {\"__ndarray__\": [[0.28810918319732143], [0.5378307296422827], [0.1740600871603957]], \"dtype\": \"float64\", \"shape\": [3, 1], \"Corder\": true}, \"p_x\": {\"__ndarray__\": [0.28810918319732143, 0.5378307296422827, 0.1740600871603957], \"dtype\": \"float64\", \"shape\": [3]}, \"p_y\": {\"__ndarray__\": [0.9999999999999998], \"dtype\": \"float64\", \"shape\": [1]}, \"independency\": true, \"p_x_giv_y\": {\"__ndarray__\": [[1.0], [1.0], [1.0]], \"dtype\": \"float64\", \"shape\": [3, 1], \"Corder\": true}, \"p_y_giv_x\": {\"__ndarray__\": [[0.2881091831973215], [0.5378307296422828], [0.17406008716039573]], \"dtype\": \"float64\", \"shape\": [3, 1], \"Corder\": true}, \"Ex\": -0.7141174514516944, \"Ey\": 0.19033698496516732, \"Ex_plus_y\": -0.5237804664865271, \"Ex_times_y\": -0.13592296262032477, \"Eexp\": 0.7530083610039104, \"Vx\": 0.4343417511672606, \"Vy\": 3.0814879110195767e-33, \"Vx_plus_y\": 0.43434175116726054, \"sigmax\": 0.659046091838242, \"sigmay\": 5.551115123125782e-17, \"covxy\": 1.5407439555097887e-33, \"linear_independency\": true}, {\"p\": {\"__ndarray__\": [[0.06363265680207152, 0.02426005295153942, 0.0347717148886167], [0.1469712613753467, 0.05603303024751871, 0.08031163641744332], [0.03262754808768312, 0.012439305288606504, 0.01782914397474309], [0.03991097368183559, 0.01521612303381472, 0.021809131781319775], [0.1740861955976262, 0.06637064261621356, 0.09512844290304029], [0.02227731513380946, 0.008493262295261478, 0.012173316175154127], [0.039248015580934915, 0.014963369189471406, 0.021446861977949462]], \"dtype\": \"float64\", \"shape\": [7, 3], \"Corder\": true}, \"p_x\": {\"__ndarray__\": [0.12266442464222764, 0.2833159280403087, 0.06289599735103271, 0.07693622849697009, 0.33558528111688, 0.04294389360422507, 0.07565824674835578], \"dtype\": \"float64\", \"shape\": [7]}, \"p_y\": {\"__ndarray__\": [0.5187539662593075, 0.19777578562242581, 0.28347024811826677], \"dtype\": \"float64\", \"shape\": [3]}, \"independency\": true, \"p_x_giv_y\": {\"__ndarray__\": [[0.5187539662593075, 0.19777578562242581, 0.28347024811826677], [0.5187539662593075, 0.19777578562242581, 0.28347024811826677], [0.5187539662593075, 0.19777578562242576, 0.28347024811826677], [0.5187539662593075, 0.19777578562242576, 0.28347024811826677], [0.5187539662593075, 0.19777578562242581, 0.28347024811826677], [0.5187539662593074, 0.19777578562242576, 0.2834702481182667], [0.5187539662593075, 0.1977757856224258, 0.28347024811826677]], \"dtype\": \"float64\", \"shape\": [7, 3], \"Corder\": true}, \"p_y_giv_x\": {\"__ndarray__\": [[0.12266442464222763, 0.12266442464222764, 0.12266442464222764], [0.2833159280403087, 0.2833159280403087, 0.2833159280403087], [0.06289599735103271, 0.0628959973510327, 0.06289599735103271], [0.07693622849697009, 0.07693622849697007, 0.07693622849697009], [0.33558528111688, 0.33558528111688, 0.33558528111688], [0.04294389360422506, 0.042943893604225056, 0.04294389360422506], [0.07565824674835578, 0.07565824674835578, 0.07565824674835578]], \"dtype\": \"float64\", \"shape\": [7, 3], \"Corder\": true}, \"Ex\": -0.1777679320272378, \"Ey\": -0.6169011747512543, \"Ex_plus_y\": -0.7946691067784921, \"Ex_times_y\": 0.10966524610070415, \"Eexp\": 0.8233666351874708, \"Vx\": 0.7157651277545317, \"Vy\": 0.8021998280043576, \"Vx_plus_y\": 1.517964955758889, \"sigmax\": 0.846029034817678, \"sigmay\": 0.895656088018363, \"covxy\": 3.469446951953614e-18, \"linear_independency\": true}, {\"p\": {\"__ndarray__\": [[0.06908916470740215, 0.10285524230006736, 0.001359048126106628], [0.12260240892083545, 0.07857461809081426, 0.07271772964190273], [0.007498080533014154, 0.0316933333913468, 0.04829227068436924], [0.000288450358368643, 0.03500068221663804, 0.01897666454408681], [0.042103698045716516, 0.03087932742489713, 0.02489558036686849], [0.0005406762249186706, 0.05621283595313335, 0.0842348075456515], [0.05680179968703833, 0.0566409737514858, 0.05874260748533807]], \"dtype\": \"float64\", \"shape\": [7, 3], \"Corder\": true}, \"p_x\": {\"__ndarray__\": [0.17330345513357612, 0.27389475665355245, 0.0874836846087302, 0.05426579711909349, 0.09787860583748213, 0.14098831972370351, 0.1721853809238622], \"dtype\": \"float64\", \"shape\": [7]}, \"p_y\": {\"__ndarray__\": [0.29892427847729386, 0.3918570131283828, 0.30921870839432347], \"dtype\": \"float64\", \"shape\": [3]}, \"independency\": false, \"p_x_giv_y\": {\"__ndarray__\": [[0.39866005356991113, 0.5934979324029646, 0.0078420140271244], [0.44762598020784444, 0.286878869281177, 0.2654951505109785], [0.08570833026237104, 0.362277075240885, 0.552014594496744], [0.005315509467880854, 0.6449860515238429, 0.3496984390082763], [0.43016242094442575, 0.31548597531282, 0.2543516037427543], [0.0038349008341842803, 0.3987056237232582, 0.5974594754425576], [0.3298874700178828, 0.32895344220036654, 0.3411590877817506]], \"dtype\": \"float64\", \"shape\": [7, 3], \"Corder\": true}, \"p_y_giv_x\": {\"__ndarray__\": [[0.23112597296994103, 0.26248156560711916, 0.004395103172003215], [0.41014537041074856, 0.20051859596314311, 0.23516600926089912], [0.02508354480676184, 0.08087984221163658, 0.15617512580379103], [0.0009649612933348723, 0.08932003522716304, 0.061369716737472726], [0.14085071396739923, 0.07880253865656921, 0.08051123586972952], [0.0018087397506580923, 0.14345241776932682, 0.27241174372358207], [0.1900206968011565, 0.14454500456504196, 0.18997106543252235]], \"dtype\": \"float64\", \"shape\": [7, 3], \"Corder\": true}, \"Ex\": 0.7956634416224547, \"Ey\": 0.8552953963144352, \"Ex_plus_y\": 1.6509588379368898, \"Ex_times_y\": 0.8266519136471859, \"Eexp\": 8.811781438430172, \"Vx\": 0.6330408525008511, \"Vy\": 0.4381617400239094, \"Vx_plus_y\": 1.3634518625483636, \"sigmax\": 0.7956386444239942, \"sigmay\": 0.6619378671929181, \"covxy\": 0.14612463501180142, \"linear_independency\": false}, {\"p\": {\"__ndarray__\": [[0.04944610193167729, 0.08335457313867396, 0.042122907673250366, 0.01732028150405141], [0.14369666453498534, 0.24223899692467885, 0.12241453009834648, 0.05033494216345317], [0.0640623314707138, 0.10799412057573395, 0.054574406645901234, 0.022440143338534273]], \"dtype\": \"float64\", \"shape\": [3, 4], \"Corder\": true}, \"p_x\": {\"__ndarray__\": [0.19224386424765302, 0.5586851337214638, 0.24907100203088328], \"dtype\": \"float64\", \"shape\": [3]}, \"p_y\": {\"__ndarray__\": [0.25720509793737645, 0.43358769063908675, 0.2191118444174981, 0.09009536700603885], \"dtype\": \"float64\", \"shape\": [4]}, \"independency\": true, \"p_x_giv_y\": {\"__ndarray__\": [[0.2572050979373764, 0.4335876906390867, 0.21911184441749806, 0.09009536700603886], [0.25720509793737645, 0.43358769063908675, 0.21911184441749806, 0.09009536700603885], [0.25720509793737634, 0.43358769063908664, 0.21911184441749804, 0.09009536700603883]], \"dtype\": \"float64\", \"shape\": [3, 4], \"Corder\": true}, \"p_y_giv_x\": {\"__ndarray__\": [[0.192243864247653, 0.192243864247653, 0.192243864247653, 0.19224386424765305], [0.5586851337214638, 0.5586851337214638, 0.5586851337214638, 0.5586851337214638], [0.2490710020308832, 0.24907100203088323, 0.24907100203088323, 0.24907100203088325]], \"dtype\": \"float64\", \"shape\": [3, 4], \"Corder\": true}, \"Ex\": -0.4746182278870094, \"Ey\": -0.29691146226980897, \"Ex_plus_y\": -0.7715296901568184, \"Ex_times_y\": 0.1409195920618374, \"Eexp\": 1.2894993084908861, \"Vx\": 0.761275983847756, \"Vy\": 1.4852559356768407, \"Vx_plus_y\": 2.246531919524596, \"sigmax\": 0.8725113087219878, \"sigmay\": 1.2187107678513556, \"covxy\": -3.8163916471489756e-17, \"linear_independency\": true}, {\"p\": {\"__ndarray__\": [[0.09154218942225187, 0.14483226363508475, 0.15460981478328503, 0.061113169480999804], [0.034773384348317664, 0.029329743069749243, 0.04056497803226911, 0.07962283289696784], [0.027194154465190377, 0.0343153121168824, 0.08364208209254105, 0.2184600756564608]], \"dtype\": \"float64\", \"shape\": [3, 4], \"Corder\": true}, \"p_x\": {\"__ndarray__\": [0.4520974373216215, 0.18429093834730387, 0.36361162433107463], \"dtype\": \"float64\", \"shape\": [3]}, \"p_y\": {\"__ndarray__\": [0.15350972823575992, 0.2084773188217164, 0.2788168749080952, 0.35919607803442843], \"dtype\": \"float64\", \"shape\": [4]}, \"independency\": false, \"p_x_giv_y\": {\"__ndarray__\": [[0.20248331856198706, 0.3203563030419287, 0.3419833912336376, 0.13517698716244653], [0.18868743444556013, 0.15914913306521958, 0.2201137961315425, 0.4320496363576777], [0.0747890129068856, 0.09437352884416511, 0.23003137549965536, 0.6008060827492939]], \"dtype\": \"float64\", \"shape\": [3, 4], \"Corder\": true}, \"p_y_giv_x\": {\"__ndarray__\": [[0.5963282618913999, 0.6947147270199737, 0.5545210089391045, 0.17013874376195776], [0.22652234974263502, 0.14068553469277473, 0.145489680442191, 0.22166954976979483], [0.177149388365965, 0.16459973828725144, 0.2999893106187045, 0.6081917064682475]], \"dtype\": \"float64\", \"shape\": [3, 4], \"Corder\": true}, \"Ex\": 0.23340273400271241, \"Ey\": 0.04271629811814964, \"Ex_plus_y\": 0.2761190321208621, \"Ex_times_y\": 0.0538264783077491, \"Eexp\": 2.338507653243214, \"Vx\": 0.4653128401432479, \"Vy\": 0.8893560119860429, \"Vx_plus_y\": 1.442381607210287, \"sigmax\": 0.6821384318034338, \"sigmay\": 0.9430567384765579, \"covxy\": 0.04385637754049809, \"linear_independency\": false}, {\"p\": {\"__ndarray__\": [[0.016118076576948807, 0.0005262044613466682, 0.034278134219784186, 0.01500009911866287, 0.024153484534692085, 0.020747499306652435, 0.006605033462435465], [0.018553408927593395, 0.0006057103962920176, 0.039457328448490384, 0.01726651263718397, 0.027802912677517333, 0.02388230611906874, 0.0076030093432030025], [0.010649849807849991, 0.0003476840710371829, 0.022648917157777334, 0.009911157944558135, 0.015959161218937, 0.01370869225303979, 0.004364206486731875], [0.05140039898548521, 0.0016780612210170528, 0.10931265693914793, 0.0478351790823326, 0.07702524156935966, 0.06616358578654244, 0.02106339138301402], [0.022140778906509177, 0.0007228267332441734, 0.047086548290339376, 0.02060505647659032, 0.03317870828763867, 0.028500038005062203, 0.009073079214118122], [0.012096386773887859, 0.0003949089493530354, 0.025725251237653752, 0.011257360623630246, 0.018126845934371583, 0.015570702559085823, 0.00495698348588041], [0.005304284096505564, 0.0001731681781325659, 0.011280562003279896, 0.004936369846692489, 0.007948649659338768, 0.00682777688076784, 0.002173644838106094], [0.0009954220431934665, 3.249739617196767e-05, 0.0021169529899563665, 0.0009263778616214061, 0.001491673700083411, 0.001281326469221464, 0.0004079144228624425]], \"dtype\": \"float64\", \"shape\": [8, 7], \"Corder\": true}, \"p_x\": {\"__ndarray__\": [0.1174285316805225, 0.13517118854934887, 0.0775896689399313, 0.37447851496689893, 0.16130703591350204, 0.0881284395638627, 0.03864445550282322, 0.007252164883110525], \"dtype\": \"float64\", \"shape\": [8]}, \"p_y\": {\"__ndarray__\": [0.13725860611797347, 0.004481061406594664, 0.29190635128642917, 0.12773811359127205, 0.2056866775819385, 0.17668192737944072, 0.05624726263635143], \"dtype\": \"float64\", \"shape\": [7]}, \"independency\": true, \"p_x_giv_y\": {\"__ndarray__\": [[0.13725860611797347, 0.004481061406594664, 0.2919063512864292, 0.12773811359127205, 0.2056866775819385, 0.17668192737944075, 0.05624726263635144], [0.13725860611797341, 0.004481061406594663, 0.29190635128642917, 0.127738113591272, 0.20568667758193845, 0.17668192737944066, 0.05624726263635141], [0.13725860611797347, 0.004481061406594664, 0.2919063512864292, 0.12773811359127202, 0.20568667758193854, 0.17668192737944075, 0.056247262636351436], [0.13725860611797344, 0.004481061406594663, 0.2919063512864292, 0.12773811359127202, 0.20568667758193848, 0.17668192737944072, 0.05624726263635142], [0.13725860611797347, 0.004481061406594664, 0.2919063512864292, 0.12773811359127202, 0.2056866775819385, 0.17668192737944072, 0.056247262636351436], [0.13725860611797347, 0.004481061406594664, 0.2919063512864292, 0.12773811359127205, 0.20568667758193854, 0.17668192737944077, 0.056247262636351436], [0.13725860611797344, 0.004481061406594663, 0.29190635128642917, 0.127738113591272, 0.20568667758193848, 0.17668192737944072, 0.05624726263635142], [0.13725860611797344, 0.004481061406594663, 0.29190635128642917, 0.12773811359127202, 0.20568667758193845, 0.17668192737944072, 0.05624726263635142]], \"dtype\": \"float64\", \"shape\": [8, 7], \"Corder\": true}, \"p_y_giv_x\": {\"__ndarray__\": [[0.1174285316805225, 0.11742853168052249, 0.11742853168052253, 0.1174285316805225, 0.1174285316805225, 0.11742853168052253, 0.11742853168052253], [0.13517118854934881, 0.13517118854934884, 0.13517118854934887, 0.13517118854934881, 0.13517118854934884, 0.13517118854934884, 0.13517118854934881], [0.0775896689399313, 0.0775896689399313, 0.07758966893993131, 0.07758966893993129, 0.07758966893993131, 0.07758966893993131, 0.0775896689399313], [0.3744785149668989, 0.3744785149668989, 0.374478514966899, 0.3744785149668989, 0.3744785149668989, 0.37447851496689893, 0.3744785149668989], [0.16130703591350204, 0.16130703591350204, 0.16130703591350207, 0.161307035913502, 0.16130703591350204, 0.16130703591350204, 0.16130703591350204], [0.0881284395638627, 0.0881284395638627, 0.08812843956386271, 0.0881284395638627, 0.08812843956386271, 0.08812843956386272, 0.0881284395638627], [0.038644455502823215, 0.038644455502823215, 0.03864445550282322, 0.03864445550282321, 0.038644455502823215, 0.03864445550282322, 0.03864445550282322], [0.007252164883110524, 0.007252164883110524, 0.007252164883110525, 0.007252164883110522, 0.007252164883110523, 0.007252164883110525, 0.007252164883110523]], \"dtype\": \"float64\", \"shape\": [8, 7], \"Corder\": true}, \"Ex\": 0.5038367888150939, \"Ey\": -0.5295309034749613, \"Ex_plus_y\": -0.025694114659867484, \"Ex_times_y\": -0.2667971499851799, \"Eexp\": 2.2076141182815325, \"Vx\": 0.8693708448857719, \"Vy\": 0.3950263488859786, \"Vx_plus_y\": 1.2643971937717504, \"sigmax\": 0.9324005817703954, \"sigmay\": 0.6285112161974348, \"covxy\": 0.0, \"linear_independency\": true}, {\"p\": {\"__ndarray__\": [[0.05238823888246289, 0.006057202781758077, 0.024777004280757912, 0.007580274164305303, 0.014353515285805016, 0.02441249142037333, 0.02950870640794419], [0.016967184123769782, 0.023176251256119593, 0.02673664238077898, 0.010164873182615882, 0.04020361072379216, 0.015072890487850158, 0.03823501703344631], [0.014843590351268473, 0.03245129438949793, 0.026741750199382887, 0.011186879677873181, 0.0037359899060651677, 0.015530128272781062, 0.0015447352223308863], [0.009252621286426694, 0.04270369263991415, 0.015273156811481907, 0.020643082549830896, 0.010283729410012753, 0.009328394023868232, 0.013461519928907146], [0.04500866503211133, 0.009628165563829238, 0.012233026806869201, 0.017556165206548947, 0.0010767457443470656, 0.01172247157915722, 0.008845663472765183], [0.009899291139328104, 0.03760112293638448, 0.016706710336058906, 0.002422590351259699, 0.01098848894320968, 0.03600131740656028, 0.009807060757485714], [0.016558811026910352, 0.013069032429329896, 0.0030672067791569064, 0.017933177960900704, 0.008326953298119923, 0.00355275490444694, 0.002609693907151475], [0.01879657669495563, 0.007217410495988331, 0.004624323885474361, 0.006125983415764033, 0.05073252904117391, 0.017799767999247183, 0.04347382580404445]], \"dtype\": \"float64\", \"shape\": [8, 7], \"Corder\": true}, \"p_x\": {\"__ndarray__\": [0.15907743322340673, 0.17055646918837286, 0.10603436801919958, 0.12094619665044178, 0.10607090340562818, 0.12342658187028688, 0.06511763030601621, 0.1487704173366479], \"dtype\": \"float64\", \"shape\": [8]}, \"p_y\": {\"__ndarray__\": [0.18371497853723326, 0.1719041724928217, 0.13015982147996108, 0.09361302650909865, 0.13970156235252568, 0.13342021609428442, 0.14748622253407534], \"dtype\": \"float64\", \"shape\": [7]}, \"independency\": false, \"p_x_giv_y\": {\"__ndarray__\": [[0.329325397203822, 0.038077071392341386, 0.15575436300861945, 0.0476514739438852, 0.09022973903311028, 0.15346294521919193, 0.1854990101990297], [0.0994813284099485, 0.1358860872672167, 0.15676123285156318, 0.05959828572312424, 0.23572023339313425, 0.08837478026824505, 0.2241780520867681], [0.13998848324894766, 0.30604505874568894, 0.25219889266978773, 0.10550239405253568, 0.03523376406967121, 0.14646315683202857, 0.01456825038134034], [0.07650196155542273, 0.35308007876705866, 0.12628058785200436, 0.1706798818113599, 0.08502730714000663, 0.07712846110265972, 0.111301721771488], [0.42432621564457373, 0.0907710338527989, 0.1153287698520734, 0.16551348808081714, 0.010151188589668719, 0.11051543074285931, 0.08339387323720887], [0.0802038830641166, 0.30464363807709394, 0.13535747391608516, 0.019627784505980083, 0.08902854455418567, 0.29168204175333373, 0.0794566341292047], [0.2542907496647722, 0.20069883329465155, 0.047102555248751544, 0.27539666103672483, 0.12787555780190293, 0.05455903244253502, 0.04007661051066175], [0.12634619860224933, 0.0485137477275222, 0.03108362514712938, 0.041177429797092914, 0.3410122116305748, 0.11964588335440808, 0.29222090374102333]], \"dtype\": \"float64\", \"shape\": [8, 7], \"Corder\": true}, \"p_y_giv_x\": {\"__ndarray__\": [[0.2851604115221636, 0.035235926469504464, 0.19035831487040328, 0.0809745656879125, 0.10274412858451126, 0.18297445570858384, 0.20007771506336108], [0.09235601941042094, 0.13482076042736763, 0.20541394477016284, 0.10858396060539624, 0.2877821124315101, 0.11297306307163045, 0.2592446696138852], [0.08079684340087787, 0.18877548996580068, 0.20545318743772206, 0.11950131402690928, 0.026742649424619153, 0.1164001133217049, 0.01047375948606989], [0.050364000584478624, 0.24841568427722344, 0.11734156237939605, 0.22051506419167535, 0.07361212886125487, 0.06991739555627845, 0.09127306739310503], [0.24499180954365943, 0.05600891138480822, 0.0939846618393876, 0.1875397672870088, 0.007707471027632347, 0.08786128461127113, 0.059976201985385266], [0.05388396318116124, 0.2187330440624099, 0.12835535686894753, 0.02587877394418219, 0.07865687940898693, 0.26983405109401964, 0.06649475855427704], [0.09013315712607724, 0.07602510305487568, 0.02356492767339207, 0.1915671208339547, 0.0596052983080284, 0.026628310225013465, 0.017694492829989795], [0.10231379523116105, 0.04198508035801, 0.03552804416058841, 0.06543943342296088, 0.36314933195345694, 0.13341132641149803, 0.29476533507392677]], \"dtype\": \"float64\", \"shape\": [8, 7], \"Corder\": true}, \"Ex\": -0.4784537176211776, \"Ey\": 0.42683841369930475, \"Ex_plus_y\": -0.05161530392187286, \"Ex_times_y\": -0.3174396424723165, \"Eexp\": 1.667000714338883, \"Vx\": 0.8590141323554742, \"Vy\": 0.49973334043737955, \"Vx_plus_y\": 1.132313039564138, \"sigmax\": 0.9268301529166356, \"sigmay\": 0.7069181992546093, \"covxy\": -0.11321721661435798, \"linear_independency\": false}, {\"p\": {\"__ndarray__\": [[0.30102950266341266], [0.6989704973365874]], \"dtype\": \"float64\", \"shape\": [2, 1], \"Corder\": true}, \"p_x\": {\"__ndarray__\": [0.30102950266341266, 0.6989704973365874], \"dtype\": \"float64\", \"shape\": [2]}, \"p_y\": {\"__ndarray__\": [1.0], \"dtype\": \"float64\", \"shape\": [1]}, \"independency\": true, \"p_x_giv_y\": {\"__ndarray__\": [[1.0], [1.0]], \"dtype\": \"float64\", \"shape\": [2, 1], \"Corder\": true}, \"p_y_giv_x\": {\"__ndarray__\": [[0.30102950266341266], [0.6989704973365874]], \"dtype\": \"float64\", \"shape\": [2, 1], \"Corder\": true}, \"Ex\": 0.9046733138059341, \"Ey\": -1.0344023564856846, \"Ex_plus_y\": -0.1297290426797505, \"Ex_times_y\": -0.9357962076505715, \"Eexp\": 0.8941474636507786, \"Vx\": 0.03794720279614698, \"Vy\": 0.0, \"Vx_plus_y\": 0.03794720279614698, \"sigmax\": 0.19480041785413854, \"sigmay\": 0.0, \"covxy\": 0.0, \"linear_independency\": true}, {\"p\": {\"__ndarray__\": [[0.2980054590950999], [0.7019945409049]], \"dtype\": \"float64\", \"shape\": [2, 1], \"Corder\": true}, \"p_x\": {\"__ndarray__\": [0.2980054590950999, 0.7019945409049], \"dtype\": \"float64\", \"shape\": [2]}, \"p_y\": {\"__ndarray__\": [0.9999999999999999], \"dtype\": \"float64\", \"shape\": [1]}, \"independency\": true, \"p_x_giv_y\": {\"__ndarray__\": [[1.0], [1.0]], \"dtype\": \"float64\", \"shape\": [2, 1], \"Corder\": true}, \"p_y_giv_x\": {\"__ndarray__\": [[0.29800545909509996], [0.7019945409049001]], \"dtype\": \"float64\", \"shape\": [2, 1], \"Corder\": true}, \"Ex\": 0.9373656079772003, \"Ey\": 0.44689014477406763, \"Ex_plus_y\": 1.384255752751268, \"Ex_times_y\": 0.418899452255163, \"Eexp\": 4.164765917384549, \"Vx\": 0.09389793066423666, \"Vy\": 3.081487911019577e-33, \"Vx_plus_y\": 0.09389793066423666, \"sigmax\": 0.3064276923912665, \"sigmay\": 5.551115123125782e-17, \"covxy\": 6.162975822039155e-33, \"linear_independency\": true}, {\"p\": {\"__ndarray__\": [[0.014108159392025412, 0.00028982385022205767], [0.05500353456789676, 0.0011299373448602136], [0.15735343759359793, 0.003232510908179189], [0.165157467856622, 0.003392829064164694], [0.19888649835346592, 0.004085724374688196], [0.1255030245495935, 0.0025782080269121967], [0.15837919263665207, 0.003253582989072369], [0.10547920959891531, 0.0021668588931322156]], \"dtype\": \"float64\", \"shape\": [8, 2], \"Corder\": true}, \"p_x\": {\"__ndarray__\": [0.01439798324224747, 0.05613347191275697, 0.16058594850177713, 0.16855029692078669, 0.20297222272815413, 0.1280812325765057, 0.16163277562572442, 0.10764606849204753], \"dtype\": \"float64\", \"shape\": [8]}, \"p_y\": {\"__ndarray__\": [0.979870524548769, 0.02012947545123113], \"dtype\": \"float64\", \"shape\": [2]}, \"independency\": true, \"p_x_giv_y\": {\"__ndarray__\": [[0.9798705245487689, 0.020129475451231133], [0.9798705245487689, 0.02012947545123113], [0.9798705245487689, 0.02012947545123113], [0.9798705245487689, 0.020129475451231133], [0.9798705245487688, 0.02012947545123113